205.9
127.7
214.0
125.7
221.5
128.0
216.9
129.8
214.3
135.5
211.3
215.2
213.2
206.9
205.0
134.0
216.4
126.0
218.6
132.3
234.6
142.1
206.1
128.6
207.2
130.9
509.8
548.9
119.1
935.5
138.3
122.0
778.9
124.3
134.1
837.2
132.7
130.2
503.2
130.7
898.7
121.6
131.6
942.1
133.0
130.0
733.5
160.0
873.4
123.8
144.3
704.1
130.5
898.4
127.6
131.5
706.9
132.1
897.0
126.3
129.8
746.9
134.2
616.5
130.4
133.7
932.6
125.0
136.5
929.9
123.4
132.1
736.3
113.2
511.4
129.8
913.8
128.4
132.1
771.5
130.5
129.5
780.5
128.5
138.3
935.1
120.3
136.2
753.4
134.5
687.5
138.4
124.9
776.3
131.3
129.0
775.5
128.1
132.0
738.9
131.6
888.4
131.4
131.6
728.7
142.1
885.9
123.7
133.6
732.4
131.8
896.6
124.8
131.4
739.0
127.3
912.4
134.0
127.4
728.3
128.5
620.0
135.5
121.2
769.8
131.3
131.5
129.8
491.6
147.0
863.0
121.7
134.7
645.6
510.3
517.7
515.3
499.2
513.9
670.6
127.5
131.0
274.0
131.1
730.3
132.8
131.0
130.8
139.3
719.5
113.7
482.1
132.8
642.4
130.0
130.1
767.8
126.1
133.8
132.4
457.9
209.7
214.5
823.2
980.0
962.0
1004.3
1031.2
1010.0
407.5
225.0
213.6
231.8
785.2
881.4
581.1
320.5
322.4
313.1
310.4
325.2
303.3
165.0
227.5
218.0
606.2
578.2
1007.5
1012.2
417.7
327.7
365.7
816.4
791.7
365.0
359.5
327.8
788.5
559.0
993.1
1011.8
997.7
999.9
1015.2
403.8
216.2
231.8
608.6
763.6
787.3
1001.2
999.7
999.1
400.9
225.5
236.7
609.0
647.5
792.8
290.8
213.5
212.8
208.2
218.6
127.6
132.5
132.3
159.6
595.5
789.3
994.6
998.6
999.3
992.5
413.2
128.2
135.5
203.4
210.7
211.8
214.1
129.0
133.9
134.9
125.2
140.8
130.8
128.3
464.8
209.4
230.5
648.2
1005.6
1011.7
985.4
1005.8
1014.0
1007.9
394.1
220.0
231.5
598.5
783.3
582.2
1007.5
1017.7
1006.2
792.2
378.6
119.8
123.1
132.9
618.8
505.3
508.5
499.9
510.8
315.1
312.5
314.7
158.3
206.3
366.9
584.3
585.0
1003.0
786.6
644.3
579.2
403.9
405.2
755.4
741.4
761.8
1004.2
406.4
603.3
1015.3
228.0
601.2
361.0
339.6
428.1
212.0
216.0
477.8
593.0
535.6
777.3
436.1
373.3
771.2
587.6
782.8
467.6
382.4
575.9
587.0
418.3
230.6
380.1
779.1
771.9
784.2
786.3
458.2
173.6
233.3
229.8
237.5
227.2
224.0
230.0
236.4
240.8
251.1
208.4
233.4
234.0
227.8
239.6
236.4
222.6
241.5
222.0
234.1
226.9
233.1
228.4
234.4
247.8
220.0
229.0
244.9
217.7
237.9
225.0
594.6
1011.0
999.1
958.8
1016.5
1009.6
1000.8
395.5
224.5
600.1
775.7
1009.6
1017.9
989.2
1008.4
392.5
228.8
642.5
810.4
797.5
1001.0
971.1
1007.8
416.1
216.7
230.2
601.8
765.8
1026.7
797.4
1007.0
1001.8
1004.8
412.8
211.1
590.8
783.2
1018.0
1019.5
1029.0
994.3
379.8
220.4
595.9
772.7
1011.8
999.2
1059.0
973.8
1019.1
376.3
127.7
228.0
217.2
212.5
265.1
220.4
122.8
132.8
130.0
142.0
237.7
779.5
776.9
1025.0
1020.2
1039.1
777.8
402.0
233.5
398.8
794.5
493.8
348.0
572.5
551.9
564.8
573.7
405.1
594.2
767.6
432.7
784.1
834.8
450.4
202.9
195.2
406.7
573.2
751.1
767.4
1021.5
953.4
1018.0
844.1
967.2
455.2
617.0
982.9
805.6
1208.6
591.1
769.1
737.4
1002.6
1038.7
236.8
404.3
420.7
193.0
621.2
972.8
1011.2
1009.3
781.4
499.7
652.6
775.4
812.0
402.7
341.4
570.8
476.1
633.6
592.5
753.9
797.5
839.6
768.8
583.4
591.4
168.2
229.3
649.8
600.5
413.3
198.4
386.2
585.8
823.4
593.0
408.0
219.3
226.2
233.3
211.3
214.4
225.0
218.0
239.5
223.1
214.3
211.8
227.5
216.7
233.9
218.2
216.9
217.6
219.7
225.4
220.9
227.9
217.6
216.0
228.4
213.8
219.2
221.9
220.3
220.4
224.8
227.2
210.9
218.4
212.2
618.6
617.1
601.1
843.6
995.4
978.3
980.5
985.1
278.1
398.9
610.4
620.6
976.9
612.0
239.0
234.7
232.1
228.5
229.4
222.3
125.8
195.9
220.8
610.8
1065.8
1058.1
1016.7
969.4
1011.2
1010.8
407.1
220.4
234.5
601.7
772.5
803.6
1032.8
790.6
796.2
766.4
400.6
228.4
592.2
777.3
409.5
610.9
788.9
385.8
220.3
234.7
654.5
735.7
760.5
757.1
1020.2
1044.0
753.5
413.8
235.5
381.6
806.3
776.7
787.1
613.6
236.9
225.7
223.7
226.0
133.7
132.8
299.2
394.9
597.5
580.5
677.7
682.7
621.3
1055.6
801.6
615.8
410.2
230.0
677.4
780.5
810.5
759.0
1022.7
428.4
227.4
230.2
396.2
411.8
236.2
901.9
1012.2
1047.9
1033.8
1031.4
1016.3
419.9
222.0
599.5
777.1
1047.2
401.1
191.5
605.4
770.6
1022.8
393.4
214.7
229.1
414.8
797.8
280.9
334.8
327.2
350.5
342.4
363.1
167.0
237.8
220.3
212.0
210.7
218.5
222.0
221.5
222.1
932.2
972.0
1078.2
1050.4
1023.8
365.2
592.7
379.1
215.5
223.5
404.5
597.9
641.9
596.7
577.7
607.5
619.5
632.5
581.6
616.8
1057.2
1014.9
810.6
640.7
413.3
235.0
385.8
581.1
1007.8
789.6
620.5
575.2
804.4
266.6
599.3
552.5
231.4
225.1
232.8
250.2
216.7
224.5
229.9
242.8
239.1
209.5
225.9
238.1
209.0
230.4
226.0
229.2
227.4
234.8
220.2
227.7
225.0
217.9
234.5
230.1
222.6
226.3
915.5
1051.0
1013.8
999.1
952.2
1037.5
359.3
228.4
233.2
407.2
757.5
990.7
1020.4
819.2
1019.2
1080.8
390.0
226.4
215.0
604.5
770.2
990.3
630.2
696.1
768.7
761.2
407.3
217.0
243.2
400.6
774.1
972.0
1016.5
983.7
977.5
1001.7
229.8
221.1
232.5
230.2
625.9
777.9
802.2
989.8
1006.8
1000.3
953.7
285.2
219.6
234.1
412.2
761.3
1006.5
973.8
1062.2
723.4
347.3
230.8
209.1
212.6
136.0
297.9
130.7
435.0
366.9
565.4
769.4
774.1
764.5
987.1
1011.0
985.9
380.1
233.1
210.3
383.5
321.8
331.0
479.9
788.0
994.1
1011.3
971.7
641.4
638.2
408.8
222.3
221.4
601.4
800.5
756.1
764.8
968.3
1009.4
253.5
397.4
436.6
598.4
790.5
773.2
395.4
215.1
590.4
568.5
1004.5
996.1
751.5
982.0
1046.8
1047.2
421.5
205.7
229.6
656.9
760.4
769.8
989.5
975.4
714.9
667.0
408.4
219.5
235.9
603.8
806.8
360.9
791.2
484.4
771.5
1028.9
625.2
666.5
407.0
404.9
769.0
744.0
965.7
577.8
567.6
581.9
410.4
223.1
396.0
405.6
406.7
168.6
222.8
219.6
221.6
221.2
222.8
223.2
219.1
229.2
232.2
226.1
240.1
225.6
239.1
220.2
234.9
235.3
241.9
224.5
239.0
216.6
231.4
224.0
220.1
231.7
231.4
222.8
241.3
227.5
237.3
231.0
227.4
215.8
212.8
581.1
764.3
754.1
568.5
561.8
223.8
236.2
228.2
236.9
781.8
809.5
341.0
335.0
226.3
220.8
241.1
216.4
138.6
124.1
136.0
133.8
255.0
220.3
220.4
565.7
574.2
605.5
805.0
1046.8
658.1
682.0
405.1
657.8
564.4
1029.2
1003.5
1006.8
1029.3
1029.3
364.1
592.5
174.8
224.0
225.8
134.6
220.9
226.3
218.2
223.0
127.1
128.1
131.2
134.1
220.0
215.6
252.7
967.9
822.5
628.0
818.4
790.6
485.2
570.5
1025.4
1011.4
1012.9
1046.1
989.3
395.6
215.8
224.0
605.0
779.7
579.6
583.4
775.5
987.5
556.5
222.1
222.1
215.0
139.8
125.0
244.0
238.5
321.5
879.6
748.9
1007.9
1003.2
1023.0
411.5
223.5
217.5
361.8
244.7
620.6
756.7
997.2
1016.7
787.8
612.7
569.2
404.5
222.2
129.6
226.1
224.5
236.0
217.3
223.8
132.3
154.7
203.3
157.8
185.5
338.8
331.4
303.2
305.6
300.8
310.6
155.5
203.1
206.2
615.9
596.7
578.9
586.8
165.4
215.4
227.4
217.8
221.6
416.4
597.4
593.0
167.2
223.4
418.5
594.3
596.8
178.3
597.2
570.0
597.0
166.2
219.6
226.2
597.2
599.2
166.6
841.8
981.2
1001.0
479.5
189.5
398.8
601.8
504.8
588.0
612.7
355.2
369.5
587.1
372.0
605.8
597.2
841.5
972.3
965.0
436.7
358.7
165.5
251.0
223.6
233.7
637.2
406.0
609.1
755.9
1005.4
788.0
539.7
562.2
873.8
567.8
570.0
786.6
645.3
176.0
403.7
171.3
232.8
224.9
243.0
233.9
229.6
234.2
221.1
227.0
228.4
227.8
230.2
231.7
227.4
241.8
223.2
233.1
225.7
234.4
229.1
231.8
240.2
220.7
222.8
228.2
228.7
222.3
237.5
228.8
222.8
239.5
224.4
230.5
349.2
318.2
319.0
318.8
574.3
780.7
806.3
1017.8
1018.0
1031.8
996.0
397.1
210.3
227.1
596.0
761.5
994.0
746.4
1006.2
1005.5
1031.0
402.3
210.6
231.6
601.0
786.1
753.0
1016.1
971.6
1032.7
1036.5
385.2
221.2
211.7
618.7
749.5
1002.5
742.6
1004.8
1020.5
1008.1
411.8
213.5
231.5
598.2
769.8
1015.5
740.8
1001.1
1007.5
1016.0
405.4
222.4
236.9
596.8
779.5
1031.9
773.2
836.6
369.0
308.3
233.0
233.4
418.0
359.5
566.0
578.8
766.5
574.3
554.8
794.8
467.1
214.8
221.7
358.9
506.5
777.6
996.8
994.3
1008.4
756.4
1001.8
402.3
219.3
221.8
588.8
772.5
926.4
1041.1
988.5
997.9
995.2
210.2
236.4
605.8
998.8
1023.9
1004.5
997.0
972.1
1006.2
420.8
219.1
231.1
208.5
226.7
406.2
992.2
854.0
781.7
796.3
547.5
570.7
438.0
239.2
230.0
593.9
953.4
601.1
583.8
408.5
648.9
1028.5
994.2
391.1
618.8
816.7
1001.1
1008.0
406.6
215.8
599.6
999.8
575.8
413.1
221.4
411.5
578.8
605.2
391.5
393.9
363.0
563.5
490.2
227.0
385.7
432.2
225.7
389.2
400.1
219.7
222.2
217.2
229.3
214.8
220.8
216.7
222.4
243.3
218.9
227.0
228.9
231.8
224.1
238.6
243.1
208.5
234.0
231.2
219.7
228.0
236.2
221.2
230.7
224.4
225.8
232.2
225.6
368.4
1034.8
1017.8
1002.0
1004.8
1054.6
981.9
395.8
227.0
230.8
602.2
758.8
777.6
1006.0
1035.7
1007.8
864.5
405.0
267.2
186.9
609.2
754.2
986.0
780.2
7105.5
1202.0
653.1
1008.8
391.0
215.5
621.3
990.6
758.5
387.5
612.2
803.0
831.2
763.2
418.2
229.9
840.0
424.5
223.1
615.1
786.5
1005.5
1027.0
788.3
373.5
253.0
239.5
234.4
265.8
658.0
612.2
568.5
757.7
661.3
576.7
748.2
652.1
456.3
201.4
205.9
216.0
223.8
228.2
231.0
224.2
222.4
234.3
216.0
221.7
385.9
753.8
796.7
1013.0
1012.7
795.8
1035.2
264.4
226.4
237.0
590.2
760.6
1003.6
961.8
1013.5
1010.4
385.7
368.2
789.3
499.5
198.9
655.7
963.3
1081.5
944.0
1015.7
1019.0
403.6
227.2
630.5
593.5
772.0
782.3
560.4
777.7
506.9
389.9
769.4
748.1
1027.9
607.3
569.0
792.5
215.8
601.8
591.8
636.5
826.0
995.1
777.3
633.2
364.2
218.0
231.8
410.9
564.9
597.6
404.8
382.0
578.3
769.3
416.9
223.0
230.8
228.9
226.0
398.2
412.8
203.6
404.2
183.6
221.0
223.6
221.0
230.5
234.8
228.4
230.1
223.0
236.4
219.9
231.5
239.0
222.3
232.5
226.2
219.0
229.5
225.3
233.1
242.8
225.8
214.6
231.1
228.0
232.4
227.2
225.1
235.1
228.5
223.2
232.6
228.3
394.8
712.0
995.4
778.9
1014.6
961.8
1014.2
407.6
221.5
598.2
796.1
989.8
1031.7
998.0
1042.4
993.9
427.1
240.5
602.3
719.6
1018.8
967.5
1036.2
1015.0
997.3
410.9
222.5
596.8
762.8
1022.5
1020.7
1024.0
1017.8
993.0
449.2
197.5
607.6
786.8
1004.5
755.0
1017.2
984.7
817.9
613.2
435.5
223.7
388.0
769.0
1042.0
733.3
1026.1
987.8
774.7
113.3
135.5
133.5
278.2
261.5
872.1
771.4
762.0
1044.6
1065.0
955.2
434.8
200.7
223.2
598.5
791.7
790.5
972.9
1026.5
952.6
390.8
222.2
228.2
645.2
753.2
761.8
1014.7
1027.0
787.0
779.6
644.0
408.6
215.5
401.4
795.0
1023.9
587.9
781.0
753.7
786.1
332.3
333.1
176.4
135.0
129.3
241.8
316.6
270.3
916.3
1018.6
1044.7
746.4
625.8
417.2
219.4
224.8
622.4
594.2
746.2
1016.9
532.6
574.3
408.0
220.1
392.2
774.6
1056.0
734.2
776.3
130.2
127.4
133.7
268.8
337.4
318.8
336.8
117.9
468.3
225.1
610.0
611.4
572.8
795.2
658.0
718.8
806.6
834.8
561.6
562.3
817.3
578.1
403.6
211.8
221.4
406.2
414.7
376.3
462.0
200.0
230.5
224.1
231.2
211.2
232.8
245.1
211.0
222.6
222.9
232.3
236.2
238.0
231.5
228.2
222.5
228.0
228.7
239.2
220.8
239.7
220.0
269.0
376.7
782.1
796.2
1056.0
996.7
1064.3
1009.5
382.0
224.7
218.6
428.1
814.8
936.8
1004.0
739.7
985.3
810.0
405.6
230.5
224.3
263.5
570.4
571.3
780.7
661.3
793.9
980.8
796.5
1007.5
1015.9
1014.5
412.0
206.0
232.1
597.9
764.2
808.8
1044.6
1003.8
1047.0
774.9
452.0
444.2
193.0
405.9
779.3
1041.5
767.2
995.8
1052.4
1008.6
426.0
227.5
228.1
617.5
754.2
644.0
1063.1
312.4
231.8
228.0
216.0
244.0
226.8
264.9
653.3
573.9
770.6
643.0
568.8
795.7
642.0
553.6
826.8
845.2
769.0
805.6
1012.0
385.2
213.8
230.6
804.5
854.8
782.0
755.5
989.1
757.8
440.3
220.1
231.2
617.8
748.0
999.1
764.0
1004.2
465.2
587.1
780.0
1199.3
1011.6
1040.4
380.3
227.2
233.1
587.0
587.9
766.3
1141.9
999.5
1066.2
945.0
409.9
596.4
429.0
202.4
589.4
1006.2
748.7
1038.7
1034.5
783.4
402.2
178.5
217.3
215.5
404.5
768.2
776.3
494.3
403.9
220.3
667.0
784.0
533.8
1026.2
1086.4
764.8
454.4
217.2
234.4
223.5
401.4
411.5
216.8
396.2
408.7
215.2
385.5
411.5
219.9
210.7
225.0
230.6
211.0
233.0
225.9
216.8
245.1
215.8
229.3
227.6
239.2
214.0
240.6
229.5
222.8
227.3
236.6
221.2
223.6
227.6
233.5
232.3
223.5
253.0
203.5
240.2
832.0
1031.8
1028.0
1023.1
950.2
1017.8
256.8
237.7
233.1
400.6
1034.1
934.4
1012.3
1008.5
997.8
1019.4
388.8
224.7
222.0
621.5
752.0
759.5
1009.0
1019.8
969.6
979.6
398.6
218.0
239.7
595.6
783.4
767.9
1012.3
957.8
975.2
409.3
222.0
219.3
622.2
582.3
1005.0
1015.9
1023.3
991.7
1051.2
370.6
114.5
135.8
132.3
573.8
763.6
755.2
1069.4
1020.0
994.2
1026.2
100.0
124.2
136.6
129.2
130.9
137.3
131.2
129.3
131.0
132.4
137.2
444.5
222.0
226.9
392.2
792.2
694.8
573.8
695.3
523.3
224.5
594.1
408.0
233.0
197.6
404.8
1032.7
631.7
586.5
783.2
982.2
770.8
1027.8
968.2
426.5
186.4
230.8
664.5
753.0
995.5
739.2
1021.5
1019.2
1050.5
306.7
234.1
235.5
641.5
761.0
997.1
733.6
1016.7
989.6
769.5
412.5
219.6
228.5
590.9
1012.3
1010.5
793.3
755.5
661.8
408.0
229.7
238.3
598.3
751.1
599.0
562.8
574.3
401.2
642.3
777.5
454.9
171.9
398.4
400.2
230.9
601.4
581.1
1017.4
456.7
549.3
407.2
210.0
391.1
801.5
592.4
569.7
1011.9
786.3
625.4
577.1
774.8
623.3
406.2
403.8
170.9
224.2
225.2
226.0
229.8
244.2
217.8
231.0
232.5
242.5
230.6
224.4
240.2
226.8
239.8
224.2
247.9
220.5
228.0
202.6
236.2
219.8
221.3
232.0
220.2
230.8
219.7
228.5
228.8
231.6
592.5
765.5
788.4
1008.7
1010.8
1013.8
395.0
223.6
232.2
640.6
803.6
740.2
1009.7
728.8
1021.7
408.2
211.7
234.7
589.1
790.9
821.9
1030.2
399.6
608.7
793.3
832.3
637.5
743.8
1023.5
984.3
380.7
346.1
431.5
540.9
602.2
374.8
349.0
170.0
238.1
211.5
233.8
206.9
218.6
224.6
682.0
313.9
333.8
1004.7
1026.0
1033.8
1002.3
1029.8
388.5
208.2
235.6
602.2
780.2
767.4
1006.6
1016.0
1013.6
1017.6
385.8
124.2
128.0
207.4
234.2
238.7
244.2
118.0
238.7
227.8
137.9
133.6
803.1
569.2
756.2
704.4
575.5
791.2
496.3
263.9
185.0
218.9
614.7
675.9
789.6
1010.6
999.2
1014.8
1038.5
397.2
219.0
233.9
599.0
768.9
982.8
705.5
977.0
817.5
428.4
208.3
229.5
404.2
1030.9
1006.2
1025.2
1007.2
1032.1
1005.1
390.0
223.5
246.0
586.2
805.9
737.0
1010.1
1001.5
784.1
587.6
794.2
996.2
412.0
590.3
996.9
760.2
1015.3
1031.7
398.9
225.9
595.3
571.0
788.0
593.5
829.8
1041.2
767.7
519.0
178.6
382.7
343.0
368.0
334.6
410.3
218.5
613.1
792.3
392.8
231.4
385.5
402.0
390.8
562.6
834.6
550.0
481.5
241.4
232.1
248.2
221.4
228.8
240.4
221.2
230.9
226.5
226.9
223.5
232.7
239.8
226.3
226.0
255.3
215.9
228.2
225.7
233.2
227.9
227.4
236.2
227.7
241.1
220.2
243.9
222.9
237.6
212.4
236.7
382.8
768.7
819.3
567.9
1005.4
979.3
1043.3
1004.2
403.3
219.1
599.8
407.3
611.7
987.0
988.9
1017.7
998.9
384.8
233.8
213.5
622.1
568.2
1029.6
747.8
972.8
1034.3
1012.6
1013.1
316.3
224.7
239.1
221.1
229.9
235.8
214.3
236.4
227.0
234.0
407.7
764.0
591.9
242.9
235.3
235.8
232.5
229.6
134.0
129.6
485.6
796.9
849.7
766.0
762.8
767.9
991.6
432.3
201.5
246.2
592.0
789.6
738.8
1025.3
1005.3
1031.8
1028.2
369.2
118.3
135.1
248.2
230.2
216.0
224.3
243.0
113.5
140.4
127.2
128.3
126.9
221.7
217.2
236.9
487.7
546.5
537.0
549.0
574.3
742.5
671.2
608.5
312.5
585.8
755.8
767.3
660.2
1029.8
1004.6
800.0
602.4
785.7
1002.3
778.9
390.2
367.9
804.4
747.5
180.8
586.9
995.8
1026.6
1017.8
996.0
561.5
771.7
783.7
577.9
782.0
733.1
792.3
1008.5
545.2
790.2
769.7
555.7
796.5
755.5
784.3
999.4
579.4
770.6
765.7
828.0
1007.5
1050.8
990.8
1014.9
201.5
404.0
568.8
429.2
600.0
1003.9
589.6
395.0
392.9
778.4
568.0
406.3
225.2
230.8
236.1
223.6
398.2
580.4
807.0
374.6
395.3
229.0
234.3
228.8
234.3
227.2
217.7
228.9
224.6
230.5
235.9
231.7
235.8
220.5
231.9
232.3
219.2
234.5
225.3
236.1
326.9
132.8
234.5
219.3
237.3
227.5
227.6
238.4
225.8
216.2
239.8
244.0
221.6
265.8
135.9
144.4
514.4
140.7
124.4
474.1
135.3
494.7
133.5
211.0
116.0
225.5
215.4
211.9
125.1
202.6
130.8
212.3
132.2
709.3
122.7
134.0
717.0
119.4
472.3
126.9
938.0
127.6
133.5
914.9
133.5
129.0
483.1
124.8
493.2
132.0
463.6
135.4
645.5
128.7
121.7
800.6
122.3
127.0
777.0
131.2
141.8
779.1
126.0
125.7
133.0
468.0
131.2
493.2
112.7
489.9
129.5
648.7
123.2
129.2
781.6
120.5
135.2
129.9
464.8
131.6
475.8
131.1
471.2
235.3
354.2
127.6
147.4
365.2
120.8
246.5
126.8
728.5
136.6
694.6
132.6
769.1
745.2
1030.9
161.9
1026.8
147.2
137.4
505.5
992.8
141.0
139.3
945.4
137.7
130.2
732.2
1018.6
144.6
865.5
992.8
159.3
593.0
594.7
127.5
744.6
819.1
1005.4
814.2
602.3
128.8
136.5
180.7
136.2
172.2
139.5
216.6
185.2
133.8
295.5
351.8
332.2
328.6
621.4
636.2
613.8
884.2
951.3
982.2
995.6
984.2
309.2
208.4
233.8
625.0
630.6
616.9
623.0
374.1
625.0
355.1
597.4
861.4
977.0
958.0
997.5
771.1
180.1
236.7
374.1
614.1
852.5
1020.0
955.3
445.4
625.1
632.5
609.2
890.8
376.4
365.3
207.2
234.5
201.2
221.2
224.0
226.4
224.1
216.4
194.5
216.9
242.8
619.5
647.6
578.9
356.1
613.6
841.0
1050.2
958.0
953.2
803.6
182.3
223.2
369.7
611.7
830.2
441.1
613.4
616.9
613.2
867.2
218.9
619.9
626.8
183.1
657.9
600.5
623.2
200.8
206.0
387.7
617.5
181.6
623.2
636.1
630.6
808.5
445.8
204.0
219.1
215.6
225.7
634.4
621.4
182.9
646.7
176.2
230.8
391.5
334.9
627.0
590.1
183.1
627.7
362.2
348.7
335.9
627.7
868.0
943.0
479.1
313.6
182.5
220.0
667.7
690.7
338.0
363.4
366.5
201.8
217.5
220.1
235.0
218.6
230.2
231.5
212.6
633.4
527.5
201.8
219.2
224.3
699.5
174.7
215.0
623.7
614.0
345.5
186.8
381.5
329.7
337.0
330.2
621.5
599.6
649.8
873.4
979.0
391.6
343.6
189.6
365.2
192.7
217.3
218.2
219.8
224.2
216.0
217.6
215.5
224.4
225.1
213.3
221.7
224.1
218.8
227.4
212.8
223.1
216.5
217.0
218.2
220.2
237.6
215.7
220.3
217.5
217.0
233.4
212.4
219.5
220.8
221.9
637.5
668.3
573.5
358.9
623.1
625.2
623.3
201.9
231.3
217.0
217.1
220.4
223.1
241.1
210.4
564.0
892.9
340.9
363.2
379.8
643.4
848.2
985.0
402.0
344.2
345.8
188.5
228.7
219.4
225.2
228.1
218.5
216.3
227.1
265.4
856.5
951.2
426.6
248.4
238.0
228.8
236.3
260.1
306.9
291.7
231.2
206.9
235.7
614.0
609.0
850.5
976.9
983.5
463.2
353.0
195.5
481.0
946.3
634.5
606.7
604.0
849.0
998.7
973.5
444.4
373.2
213.5
383.1
610.9
623.5
633.3
208.1
225.1
213.3
238.4
390.2
621.2
843.2
997.6
978.8
1003.8
975.5
277.4
208.3
637.3
867.0
975.8
989.4
783.8
609.0
639.2
343.1
178.3
229.9
222.9
222.4
225.5
222.5
220.4
235.1
219.6
243.0
199.2
224.8
224.3
229.4
214.6
237.2
381.4
654.5
611.2
620.7
206.5
216.9
230.2
209.8
230.1
227.5
225.8
221.1
220.4
876.8
455.0
646.3
580.7
616.8
626.3
614.0
214.1
212.7
256.8
186.5
233.9
230.3
386.2
615.0
614.2
619.8
216.1
219.2
389.5
621.6
203.8
197.0
411.3
600.3
638.4
596.7
175.6
627.0
355.0
335.9
187.9
220.8
871.4
967.8
996.2
976.2
434.5
324.1
176.8
371.6
620.9
621.2
593.2
807.1
463.2
187.2
212.5
230.6
216.5
385.0
315.7
319.5
306.5
171.7
216.2
231.2
371.0
302.8
323.5
316.3
165.7
219.1
359.0
323.4
328.0
314.1
182.1
186.0
218.4
227.0
207.1
216.2
216.0
225.3
215.6
367.5
295.0
180.8
379.1
625.3
340.6
338.5
172.5
232.4
363.6
321.4
174.0
362.3
308.8
176.1
209.5
393.9
321.2
183.1
248.0
353.6
176.0
218.8
217.7
366.0
179.0
214.4
235.3
204.6
216.9
252.0
204.8
204.5
235.7
214.1
220.6
215.0
226.3
221.9
204.4
235.5
208.4
221.3
223.0
219.0
220.5
226.2
213.0
229.4
216.3
212.0
222.2
221.2
221.5
211.5
234.3
219.9
220.0
210.0
362.4
293.4
229.1
236.2
679.9
612.8
874.5
385.6
621.5
890.8
420.8
332.4
323.3
180.9
209.5
222.1
236.1
678.8
638.4
879.1
1010.5
386.8
630.2
536.4
522.5
190.1
216.1
225.5
391.4
635.2
653.8
667.0
629.5
348.7
950.2
346.2
225.1
264.0
293.7
319.2
304.1
149.5
601.9
621.6
850.5
407.5
619.0
340.4
