582.2
919.2
580.1
931.7
583.8
351.5
353.7
361.7
337.3
344.5
362.9
350.6
348.3
361.8
341.5
350.1
362.2
339.8
370.2
333.3
352.2
592.5
691.8
342.8
343.8
364.8
336.2
372.7
332.0
340.4
356.2
245.7
343.8
382.8
336.4
341.2
372.2
450.3
357.8
458.7
384.2
351.7
451.6
1274.0
1168.5
1155.0
1157.7
1039.7
827.3
815.1
1050.4
1159.5
1151.5
924.2
1043.2
1164.4
1032.0
930.5
1377.5
575.0
616.7
550.2
339.2
353.2
461.9
805.0
703.6
919.8
1040.5
1268.4
920.8
1041.9
707.4
567.9
372.2
335.9
339.9
375.0
1347.0
1163.8
1148.5
1134.5
936.0
1154.9
929.4
705.2
358.8
352.0
468.5
363.8
1173.6
1748.0
1207.4
1019.6
1174.7
1279.2
1423.9
1162.0
921.9
1164.8
708.2
368.7
1383.2
1404.9
1169.0
1157.8
1414.3
1181.5
930.7
582.0
465.0
363.0
382.6
675.5
1178.0
1156.8
1160.2
1160.6
806.7
697.5
929.2
350.5
465.1
696.6
703.6
1044.0
932.8
1183.2
1188.1
1073.4
1054.8
1051.9
827.4
807.4
712.6
360.7
465.9
1167.2
1048.2
706.9
372.5
1271.5
822.7
817.1
501.7
787.2
1386.7
585.7
700.7
369.0
453.3
346.3
463.3
357.0
370.5
343.8
342.7
462.7
463.0
511.6
574.2
335.9
335.1
1509.9
1166.1
1155.6
930.9
1045.7
1169.6
1045.8
356.0
461.7
1067.8
371.3
1143.0
1389.9
834.7
1405.6
820.0
1059.4
1264.3
832.7
469.6
475.8
484.8
1521.4
813.3
1296.2
811.9
1177.2
375.2
1052.1
808.0
1270.1
1170.1
1193.0
1367.7
1398.1
1167.1
927.2
1160.5
1054.0
356.6
1437.9
1019.5
1175.2
1056.8
1176.3
726.2
1062.5
1078.1
1035.1
809.5
472.2
1066.5
1171.7
934.7
1182.0
1050.9
1059.9
1154.2
1057.3
806.4
468.3
471.2
1045.3
1047.8
1049.8
1148.4
870.2
1369.6
934.8
740.4
349.0
1143.2
1047.6
703.8
1107.2
762.9
1152.0
1179.7
1052.1
356.7
465.0
1048.4
939.1
1086.6
907.3
705.4
252.0
461.8
821.2
1049.7
577.6
1532.3
1173.1
595.7
1067.6
1165.5
1185.3
599.0
353.5
386.6
340.2
339.1
471.9
356.6
380.2
348.4
464.3
456.2
374.5
374.0
332.2
445.6
362.7
369.1
331.9
946.6
353.0
1043.8
697.7
1044.3
818.5
1057.4
1648.3
1392.1
1415.7
1040.3
936.8
936.2
602.8
936.0
361.3
457.7
1277.6
1178.2
822.2
470.6
472.1
585.2
1162.1
1388.6
1213.0
1160.8
951.2
502.8
453.8
815.5
1159.8
701.2
708.4
356.1
944.3
1397.0
483.4
336.8
1510.0
934.1
699.5
495.1
572.2
1157.9
542.0
573.6
415.2
356.8
380.0
341.9
339.8
383.0
446.0
469.2
477.1
487.1
450.9
385.6
450.4
343.3
1170.8
813.9
703.4
705.5
698.4
703.3
715.0
358.6
346.4
472.1
939.2
924.8
1051.5
1052.8
817.5
700.0
487.8
455.1
589.0
703.5
934.1
374.3
914.4
925.7
1053.8
1162.5
930.5
934.2
1051.8
820.0
698.8
366.9
339.9
696.2
934.1
821.9
464.0
473.7
478.1
812.8
941.8
347.4
821.8
1038.8
934.6
945.7
708.5
930.8
498.5
461.8
475.6
907.8
814.9
810.7
368.0
349.7
812.2
1047.8
828.6
1264.0
824.0
705.4
593.0
366.0
593.7
1251.2
937.2
924.0
823.2
617.6
1118.2
466.5
586.9
347.0
480.5
347.8
710.1
344.8
700.0
822.0
588.1
344.4
1286.4
814.9
815.5
362.4
690.2
923.2
924.5
931.7
465.8
939.2
1168.8
821.3
462.3
350.1
710.2
350.0
465.5
355.0
354.3
360.3
351.4
355.7
356.9
1159.6
934.1
1512.7
1050.4
925.1
824.4
1035.5
928.8
1289.4
1032.3
1057.4
819.7
927.4
1141.5
1045.2
363.2
346.1
817.2
817.8
378.5
911.4
388.0
905.0
1158.5
815.1
930.6
1050.4
1045.4
1157.5
857.1
432.4
700.7
820.0
931.6
1165.1
1048.4
1049.5
929.9
1043.1
1280.3
819.5
811.2
814.5
1263.6
1051.0
912.7
928.7
1041.8
1050.9
816.5
817.5
1049.6
363.4
342.4
381.2
907.8
814.2
700.6
831.8
1044.9
702.7
925.6
813.8
374.1
917.9
1152.9
1153.8
594.5
938.4
695.7
694.0
813.6
1050.1
926.6
818.0
1044.2
366.5
804.9
944.2
590.4
927.4
924.6
700.6
808.0
469.3
702.7
927.2
702.5
818.2
473.0
358.4
701.3
400.1
653.4
344.0
471.4
353.4
702.5
347.6
378.0
333.9
350.4
814.7
1045.4
826.3
800.6
491.0
797.9
808.8
1043.9
810.0
1044.3
817.0
594.5
572.8
370.5
346.5
469.5
358.2
701.7
362.5
455.1
352.5
703.8
351.3
356.2
353.3
354.0
351.4
356.1
352.4
703.0
939.9
497.5
463.0
475.1
469.4
546.2
360.0
701.3
593.7
587.9
706.6
707.7
698.5
586.9
711.0
481.2
577.5
701.0
590.7
701.0
364.6
464.7
812.7
593.8
692.6
1279.8
919.8
588.7
725.5
359.1
1031.9
1389.4
813.4
939.6
939.9
1039.0
927.4
821.5
834.0
810.2
813.6
365.4
341.5
823.7
932.9
1158.9
1171.4
1038.5
1062.5
570.1
817.0
824.9
810.9
463.6
352.1
704.1
813.1
1046.1
952.1
935.1
1045.4
1160.8
471.0
593.8
695.8
934.8
815.8
931.2
826.5
929.7
1287.8
1268.6
808.0
362.3
340.8
810.4
582.7
702.0
1098.2
787.5
820.3
934.5
815.7
1160.9
820.9
376.8
1250.4
932.8
819.9
589.6
353.8
1286.4
832.0
707.4
817.3
373.2
688.3
708.3
474.8
1180.3
816.6
369.9
337.0
481.7
347.3
702.4
355.3
471.0
361.5
378.8
336.2
345.1
820.1
1058.4
1172.1
941.6
1047.0
1175.1
466.0
1160.2
1047.5
827.2
595.0
357.2
1058.1
815.4
819.9
368.2
344.2
473.0
713.2
345.7
355.9
355.5
356.8
356.5
1168.2
819.6
363.4
817.1
815.1
818.6
826.0
815.3
822.8
368.2
811.9
1053.5
821.5
359.8
935.1
1170.2
1170.2
1047.1
585.7
822.8
702.2
823.2
467.3
1296.7
1044.6
827.8
1406.2
1050.5
938.6
930.9
1278.7
933.8
825.3
1052.2
373.8
1388.8
1155.8
1047.5
1163.1
368.8
936.4
924.2
823.7
924.1
822.0
930.1
1050.7
1037.4
351.6
445.7
365.5
463.2
937.8
927.9
816.6
952.9
1032.4
932.2
698.3
933.8
381.0
711.4
1125.8
1043.5
470.9
821.2
1046.7
934.2
924.5
814.9
1071.3
789.2
943.7
458.7
942.8
1026.6
810.0
1038.4
464.9
1276.8
1150.3
708.3
490.5
352.4
898.5
802.1
808.8
922.8
818.2
376.7
1013.2
472.9
696.0
349.1
703.9
342.1
464.3
350.7
389.3
335.0
336.7
702.7
351.9
1032.5
810.4
797.5
822.5
365.4
914.9
696.9
573.9
350.2
1263.0
923.2
918.8
821.4
803.3
359.0
351.8
468.2
348.1
717.0
332.9
347.5
353.0
339.8
351.8
348.5
353.8
367.0
343.7
354.0
356.3
463.6
929.9
764.8
983.6
575.9
801.1
805.4
686.4
1047.9
1030.2
1034.2
346.8
820.7
819.5
1155.0
690.3
488.6
471.8
570.4
3037.6
1467.7
1404.5
805.3
480.3
685.2
914.8
1146.7
1042.6
803.3
802.3
947.5
1046.0
474.8
694.0
803.7
357.9
908.7
1293.9
914.2
916.3
578.0
1035.1
814.6
801.2
810.5
813.0
697.0
1033.1
1043.6
801.2
932.8
1165.9
1163.1
1034.9
935.3
362.3
921.6
925.1
691.2
1273.9
1254.5
812.0
808.2
1146.8
582.5
1038.2
1146.2
1092.8
987.0
816.6
368.9
913.8
697.2
1048.8
1044.8
1043.1
800.5
617.5
1255.3
925.4
814.0
1271.5
696.0
840.5
807.8
1292.5
404.0
769.2
733.4
446.1
4336.0
1163.1
814.2
813.2
941.0
1263.2
1264.5
694.1
1386.0
1154.8
619.7
893.2
1237.5
380.0
324.8
697.8
359.5
347.7
358.3
346.8
356.4
351.9
371.1
916.3
934.7
820.7
723.8
913.3
566.1
809.8
472.9
804.3
463.2
1386.5
1041.6
1041.3
804.9
936.0
1271.9
1039.1
815.0
570.8
354.2
467.5
353.8
807.8
827.3
907.0
1274.6
1039.3
1156.0
804.6
930.4
811.6
809.0
817.8
805.1
928.5
1042.5
692.4
696.4
802.7
813.7
936.1
921.2
816.8
1033.5
1381.7
1045.4
1034.4
1153.1
701.2
815.0
888.6
1443.4
1096.1
812.2
953.3
358.8
804.3
949.0
1146.7
1060.9
1156.9
812.8
809.1
1033.2
387.1
910.4
924.4
924.4
1290.8
1036.1
815.0
699.2
810.8
930.1
1178.0
813.5
1032.7
1287.8
800.5
584.4
927.3
937.7
1050.5
700.0
811.1
460.7
696.5
1056.7
357.2
339.0
467.2
352.1
455.7
350.5
466.8
591.0
261.3
333.9
261.4
329.9
1497.1
1150.3
805.4
940.5
1150.2
1041.6
1261.9
1031.2
807.7
581.9
485.9
683.2
819.4
358.9
341.0
467.0
363.0
673.7
356.1
346.9
462.4
351.0
344.7
348.7
346.9
348.9
1047.5
813.4
857.0
1008.3
1258.5
924.9
1153.0
923.5
914.8
810.5
694.7
1045.2
812.8
695.7
805.5
366.7
945.6
1247.8
1029.0
810.9
701.7
697.3
818.2
1050.0
927.5
905.8
1037.4
1062.5
582.6
706.0
835.6
820.5
1048.0
923.7
1053.2
934.6
813.6
505.3
1361.5
1360.9
1421.1
793.5
1029.3
813.2
934.6
1025.6
1041.5
1009.6
950.0
1035.6
690.5
807.2
698.5
1032.7
815.5
925.0
699.1
927.0
806.0
819.4
798.9
1038.9
923.3
1031.8
582.1
928.4
821.5
1148.0
922.9
920.9
813.3
817.6
915.8
811.0
809.6
927.3
922.7
702.7
1264.0
803.3
700.7
1030.8
819.8
814.3
375.9
339.8
1086.2
587.2
660.5
697.9
332.7
460.0
349.3
377.2
328.0
344.1
463.6
347.6
698.5
913.9
924.7
836.4
918.2
808.5
801.7
919.8
809.0
1145.4
1152.4
919.7
820.7
805.4
697.0
697.5
346.0
466.8
352.3
703.1
348.6
349.5
349.2
347.8
350.1
709.0
822.6
1045.0
1146.8
809.1
1030.0
1152.5
810.5
805.7
924.1
921.1
821.9
1263.6
1034.8
587.9
807.4
808.3
1040.6
1151.0
809.8
580.5
1504.2
809.8
916.8
692.2
1153.5
919.2
1268.3
939.8
1033.2
1031.7
946.5
916.4
1038.5
1046.6
804.6
938.3
1152.0
929.1
908.6
583.4
490.0
1014.2
1042.0
923.1
1044.0
1060.6
1035.4
357.9
339.7
806.8
820.6
574.2
1047.8
1150.0
588.4
919.2
933.7
575.5
1157.9
806.8
693.2
353.6
461.5
461.8
1034.3
697.1
697.9
825.0
1012.5
918.6
815.5
923.4
1159.4
810.2
924.4
1038.5
1044.5
699.5
701.6
569.5
467.7
362.5
459.4
460.8
1501.0
802.0
808.5
802.9
827.7
352.8
338.8
468.8
346.3
462.2
351.1
467.8
350.2
468.0
350.8
697.8
345.8
1495.8
1156.1
815.5
688.8
1266.4
474.0
1024.7
921.7
812.5
690.7
691.2
808.8
394.0
907.0
358.0
341.3
459.2
348.8
687.2
345.5
461.1
349.4
352.1
344.1
347.7
351.5
344.8
698.8
348.9
358.2
1163.5
921.3
921.6
1036.0
807.2
921.5
1152.6
1068.3
827.4
728.1
808.6
363.4
821.5
824.1
817.5
823.9
935.6
1171.2
942.2
1054.9
707.9
806.0
1056.8
938.3
824.8
696.0
918.5
944.6
1057.9
709.1
699.4
350.0
1484.0
1158.5
921.5
915.0
691.7
1067.7
578.0
802.8
579.8
695.1
1045.0
1034.1
578.4
1140.5
1032.2
815.8
363.4
350.2
927.6
1044.8
823.0
1049.8
1037.6
941.7
1165.3
703.9
703.3
706.2
582.8
806.0
465.0
919.7
698.8
476.8
459.5
239.0
1139.6
1043.3
715.0
924.1
691.2
1493.3
804.1
801.8
812.8
693.4
1041.2
714.4
685.0
1485.1
815.0
922.4
588.8
1032.0
802.1
350.2
352.8
467.7
360.3
368.8
700.5
343.9
347.2
463.2
247.0
331.3
249.0
336.0
689.3
344.4
358.9
345.5
345.4
814.4
358.7
796.9
826.8
923.3
816.7
805.2
802.6
464.0
691.0
802.0
1142.9
1267.8
818.0
355.4
695.0
1044.7
347.2
343.4
464.5
347.2
686.2
355.1
349.5
347.0
346.5
350.5
345.2
1499.8
833.0
922.1
1152.9
697.3
807.6
814.0
685.9
686.1
1027.6
1174.8
1034.6
1032.9
917.4
1146.7
805.4
925.7
1153.0
1081.0
891.1
802.4
798.7
811.5
810.3
360.5
466.7
684.0
812.4
802.2
473.6
1277.3
1031.5
801.0
807.8
923.2
920.8
924.0
800.1
692.0
1077.7
1023.9
810.1
802.2
935.6
695.0
1262.7
817.5
920.8
1183.6
1147.6
575.1
588.9
683.8
1484.0
1028.0
1033.2
1269.0
936.6
586.0
584.8
349.9
472.6
798.2
1037.2
1037.2
804.3
806.6
1037.5
950.8
935.4
928.5
802.5
806.3
809.9
347.4
357.0
1034.5
584.2
806.5
827.5
347.2
347.3
806.6
684.7
1030.1
1145.2
818.2
807.2
350.4
711.2
1284.2
350.6
255.5
332.0
240.2
340.7
685.2
695.8
346.1
692.3
349.5
698.2
925.0
1035.4
705.8
711.0
923.9
810.8
691.9
1041.8
1029.4
1146.5
1268.6
848.5
826.9
352.2
701.5
601.9
709.5
358.0
351.3
466.3
354.2
352.7
342.3
350.6
351.4
357.3
240.5
336.1
966.2
1236.5
925.7
911.6
807.6
919.9
812.0
917.2
1153.0
384.2
921.0
1039.1
808.1
1033.0
688.5
1038.8
1033.5
1157.3
926.1
486.0
351.9
1038.5
348.9
798.0
1040.8
808.2
917.8
1151.6
1144.4
706.8
703.4
932.4
805.8
941.3
828.7
358.5
471.9
608.0
816.7
913.9
953.7
355.0
704.2
1033.8
694.5
1381.4
1035.4
686.9
353.8
349.3
537.0
976.7
584.2
700.0
796.2
580.6
425.7
744.9
354.9
810.0
703.7
810.3
940.6
366.4
915.5
357.8
797.3
920.8
1044.6
1029.7
804.6
807.2
807.2
715.2
1040.4
692.4
1029.8
1039.4
817.5
802.5
814.5
577.2
1148.4
373.1
1294.5
362.9
682.3
806.9
924.1
688.9
920.8
818.5
809.0
359.0
692.0
840.7
431.4
347.5
700.5
349.2
694.1
348.2
357.9
681.8
349.8
251.7
677.2
690.8
826.9
739.8
1013.2
814.6
799.2
1033.3
576.2
461.7
349.0
467.8
1492.0
571.3
434.9
974.1
812.5
358.2
696.0
591.3
693.4
352.1
343.8
468.8
347.9
353.8
349.0
238.3
239.6
451.3
573.5
733.0
313.2
806.9
1040.8
917.1
1151.8
1034.8
1027.6
812.6
684.4
695.8
508.6
673.5
807.8
811.9
925.9
1148.6
581.2
456.3
466.9
1161.5
678.6
1182.7
698.5
804.8
928.6
828.3
713.3
817.6
686.4
1045.4
808.8
370.5
355.2
468.8
1048.7
806.0
819.4
462.4
471.6
471.6
481.8
459.6
697.4
936.8
366.1
804.2
1036.4
1044.0
1038.6
689.1
812.2
813.8
696.2
705.0
1180.9
1037.3
934.0
1179.3
1039.1
697.6
830.5
934.6
348.8
1025.5
1083.2
806.9
581.4
579.5
815.0
807.9
810.8
712.3
1046.3
939.5
1165.3
1373.6
370.4
1260.0
1030.1
1371.9
804.8
814.9
950.5
693.5
805.1
805.8
351.2
572.3
805.4
805.5
692.2
812.2
356.9
471.0
305.0
748.8
467.7
582.5
360.4
355.4
690.8
354.7
348.5
465.5
344.7
686.7
346.1
356.0
919.2
1145.6
1070.6
694.7
805.1
1375.2
1263.3
690.3
1038.7
817.4
915.5
744.4
699.8
1034.6
695.5
460.4
342.0
689.0
245.5
234.9
243.1
339.7
352.8
355.5
348.0
687.8
1354.3
801.7
696.0
1036.3
1152.6
1040.1
724.1
706.8
360.7
744.2
570.0
817.7
1039.2
1042.7
696.2
810.3
803.3
695.2
1039.7
349.6
376.4
1246.7
1045.6
586.3
807.7
808.9
347.5
811.2
802.0
689.4
927.1
1045.0
1288.6
924.8
811.1
1032.8
826.4
341.0
801.5
1049.4
712.3
812.7
924.1
1034.8
1150.8
1149.5
1149.5
698.8
705.7
384.3
796.7
693.6
810.7
932.9
811.9
695.0
697.1
689.9
926.2
1143.8
1093.1
892.4
793.1
1154.5
1507.5
1165.2
692.1
689.1
1050.7
1053.2
917.3
928.1
711.0
588.8
350.1
468.4
355.5
925.8
711.9
582.5
468.0
814.1
1031.4
808.0
1049.5
811.8
699.1
808.1
814.5
590.1
569.8
818.7
608.8
352.8
349.7
468.9
924.9
351.8
349.7
469.1
597.0
463.7
358.0
694.4
813.2
817.2
823.4
709.1
695.2
794.6
697.1
1033.2
357.5
693.0
697.3
1270.5
1286.6
807.9
355.7
692.5
362.1
357.6
466.4
350.5
365.2
333.7
469.0
343.8
348.0
361.3
359.3
348.4
359.2
704.4
1060.4
1169.3
945.8
1098.7
1145.5
932.8
814.2
829.1
1635.1
1398.2
1155.9
1047.8
928.8
931.8
1044.7
1046.2
821.5
810.2
1279.5
921.9
471.9
465.2
582.0
588.0
473.3
466.2
474.2
357.2
383.3
440.6
1175.5
1138.9
925.9
1041.0
1041.5
1277.3
694.3
1195.2
934.0
926.0
1329.4
773.9
367.2
338.4
1160.8
1073.5
461.8
1287.8
1009.2
1164.2
1048.5
1065.2
801.0
1277.5
932.5
937.7
1496.3
1390.1
816.0
933.2
694.1
363.5
459.9
1051.2
702.2
828.3
1161.8
1641.5
592.2
809.8
929.2
704.5
370.2
1145.6
921.8
919.2
597.2
381.2
353.2
1266.2
1166.5
1162.6
601.6
359.2
378.0
351.8
474.6
497.3
430.9
354.4
385.1
349.0
346.1
387.8
346.0
464.9
460.2
471.8
585.2
1397.5
921.3
963.3
787.5
694.8
940.8
1177.2
355.0
345.8
806.5
361.8
925.0
1168.1
1069.9
1057.2
1041.0
830.3
802.2
472.6
465.6
466.1
467.8
470.6
1396.9
916.4
1046.4
932.0
1144.1
894.6
577.4
379.3
335.7
340.5
716.4
1029.5
660.8
1165.8
1382.7
1143.7
920.5
1033.9
695.7
1031.1
1140.6
1143.7
1382.1
918.1
1046.9
914.8
694.0
361.9
342.4
1307.9
1126.2
1250.1
577.3
1039.4
1488.4
1370.5
930.8
1265.8
708.3
923.1
1389.4
930.3
921.5
1040.4
1177.0
1595.5
1150.6
1157.3
919.4
697.5
1739.2
914.5
825.2
1045.7
1391.4
1152.2
909.7
1149.0
1057.4
1115.4
1149.1
1051.7
712.3
552.1
344.6
1038.4
927.1
684.6
922.0
468.6
359.6
458.8
1380.4
691.7
468.5
1148.5
1030.7
475.2
355.5
267.0
323.8
346.5
351.8
383.9
344.9
552.8
426.1
415.6
466.1
479.7
463.1
472.5
458.6
463.1
350.6
470.0
930.2
684.5
710.7
695.0
944.8
694.3
919.5
922.5
1052.7
906.7
458.6
353.8
350.2
357.9
1029.4
967.9
947.7
706.6
921.0
932.1
1267.5
347.6
362.2
359.3
352.6
353.5
1271.9
728.3
669.9
1156.9
1463.8
1376.8
926.0
919.8
820.5
622.4
447.2
701.2
700.0
704.8
964.7
677.6
946.2
1037.0
1056.2
1040.0
1041.5
938.1
923.5
936.0
909.6
474.9
573.9
916.7
939.1
1051.8
1260.7
916.3
373.5
456.7
824.2
554.2
941.2
695.9
1175.7
1033.4
909.3
935.7
1035.4
1140.3
928.7
1040.6
955.3
933.9
1245.0
700.7
687.0
708.5
682.8
1172.3
933.3
917.5
1038.1
1045.1
932.5
916.6
1236.7
933.6
672.4
699.0
676.7
1032.3
698.3
1179.5
1031.8
707.1
1164.0
1014.3
1191.4
1023.3
456.0
824.3
581.7
1188.5
927.8
1024.4
934.1
691.0
692.1
1043.4
948.2
679.7
950.7
682.8
1177.1
1257.9
688.7
684.7
1167.6
1014.0
716.0
466.0
1142.2
1022.8
931.2
943.0
918.1
1187.7
697.4
695.2
976.6
655.3
713.2
675.3
701.3
703.1
349.2
359.6
355.5
345.4
356.1
691.2
361.4
464.5
605.3
693.1
1026.8
706.0
1392.5
577.3
1052.2
1159.0
703.4
700.8
824.9
804.8
1166.0
1049.8
1500.4
815.5
804.6
585.9
815.0
474.9
804.8
1052.3
935.2
1160.1
1051.4
690.2
691.1
352.2
811.9
1019.7
1008.0
1562.0
952.2
939.5
830.5
1038.6
380.8
817.0
820.2
1038.1
932.9
721.3
931.6
1162.0
817.6
390.6
916.1
1052.8
942.6
1288.8
843.1
1173.8
1166.8
830.7
587.4
709.2
597.8
803.0
1185.7
940.8
698.3
1047.5
1042.0
825.1
824.7
711.8
1047.2
601.6
695.7
1054.4
364.9
928.2
929.8
1050.4
822.2
531.5
645.4
930.3
945.1
712.6
825.7
589.7
698.1
950.1
831.5
833.9
716.2
818.0
370.7
339.4
465.9
356.0
699.5
364.5
469.2
352.1
702.2
357.0
470.0
357.0
384.8
326.8
826.8
1180.2
1167.0
1063.5
827.6
1267.5
946.8
831.0
1076.1
1172.8
481.3
804.7
369.6
347.5
476.2
370.8
700.0
356.4
473.9
355.6
353.8
358.2
353.6
354.2
698.8
353.2
1174.4
710.1
944.6
831.7
929.2
817.8
1038.4
590.5
832.7
1055.2
708.0
812.8
941.6
1068.6
1046.2
1161.5
361.2
348.8
828.8
944.3
1049.3
933.2
832.8
952.5
927.9
702.5
1057.7
931.4
1061.0
826.1
931.8
1525.8
934.5
1058.5
945.6
949.4
1166.5
1278.0
965.5
938.8
715.5
1056.7
823.1
937.6
1058.8
852.3
1238.1
947.0
486.4
832.2
819.5
929.9
478.8
345.4
833.9
1288.8
934.4
948.8
958.0
828.3
816.5
1046.2
366.6
920.7
938.5
945.4
1275.3
824.8
1285.3
934.1
1046.0
812.8
825.2
1050.4
499.8
480.1
463.0
477.1
484.5
490.2
571.6
582.8
705.9
934.7
951.5
820.0
590.3
706.8
1058.8
379.6
686.7
354.0
699.2
355.6
472.5
356.0
701.8
353.2
384.8
344.0
860.9
1011.9
707.1
825.2
497.5
347.7
830.2
820.2
814.5
364.1
699.9
709.6
839.8
934.2
702.1
701.5
1052.5
364.2
346.6
471.2
360.2
695.4
354.0
358.1
352.6
356.3
353.1
389.0
338.5
477.4
357.8
703.5
824.6
1057.6
605.3
586.6
1044.2
1067.0
1064.8
838.5
706.5
1277.5
709.8
387.5
477.7
465.7
914.8
1279.5
932.3
827.1
808.4
815.7
825.4
1072.5
375.5
921.8
930.5
491.8
827.4
1058.9
1128.6
865.8
818.6
821.0
588.7
355.4
1278.5
815.1
704.7
472.9
475.7
464.0
475.2
1280.4
812.9
706.9
715.3
807.2
1154.3
1046.0
702.6
700.1
360.6
480.4
804.0
821.3
944.8
1272.3
703.0
357.0
473.7
466.8
471.4
474.3
1281.0
1285.1
802.3
817.0
933.9
1046.1
1050.8
1392.1
1155.4
812.5
823.1
363.9
368.1
1179.8
935.5
1165.2
1058.4
817.3
821.2
705.9
840.0
825.0
375.9
690.8
361.0
692.7
715.4
1078.7
834.4
855.2
785.2
1050.4
715.8
477.6
366.4
696.9
356.1
469.2
356.8
374.9
337.8
356.6
703.6
825.6
828.0
510.2
1015.0
944.2
947.7
817.0
820.2
701.4
820.9
1067.0
650.5
1338.7
703.7
828.8
365.8
339.2
469.2
361.2
700.5
357.8
353.2
355.7
355.3
377.0
337.1
466.0
360.7
1171.5
937.3
1174.1
813.9
1045.8
389.4
695.9
1164.4
849.0
917.5
819.8
954.1
1179.3
1045.4
1279.0
950.3
813.1
1043.4
944.9
944.9
1056.6
1040.9
834.6
380.2
928.5
1182.3
564.3
935.3
1056.1
1072.3
1053.8
824.7
925.4
1172.3
1206.5
655.8
1056.7
1176.9
944.8
824.8
1040.0
1054.8
1064.1
461.2
356.9
707.1
821.1
1064.1
944.8
701.7
599.6
808.0
811.2
832.5
1180.6
360.5
818.1
963.1
943.3
931.5
934.6
820.8
713.0
603.4
468.8
1051.2
1169.4
830.1
821.8
1056.5
1274.0
941.5
1056.6
828.3
1370.8
367.2
707.8
715.8
816.1
939.5
820.0
1062.7
834.9
706.3
808.7
464.8
364.5
712.0
356.6
704.0
354.2
374.4
448.4
369.0
343.6
465.6
359.3
1524.8
823.1
384.3
326.4
591.6
1055.0
944.0
812.1
819.2
819.2
596.8
1052.7
1177.0
363.6
689.1
971.3
370.0
345.8
469.2
355.7
701.5
357.9
351.9
359.8
357.2
325.2
361.2
348.9
710.2
923.5
808.5
944.1
1503.9
1053.8
1051.8
819.9
498.7
791.1
1047.9
933.5
939.7
925.6
1392.1
811.3
698.0
703.7
952.7
807.5
810.7
1043.0
938.0
933.8
1038.7
809.1
589.3
694.8
934.1
815.8
1172.1
973.7
1028.1
1051.8
919.4
1041.7
865.8
790.7
675.5
923.0
923.9
804.2
1038.1
1037.5
940.3
930.2
1064.7
812.6
817.6
369.0
340.1
696.8
581.5
930.9
934.2
812.0
846.3
396.2
910.7
901.8
935.1
1052.5
1159.2
816.4
580.6
819.8
708.1
827.8
1041.1
702.3
1282.9
816.3
818.3
369.0
915.9
816.5
942.2
696.0
365.0
381.2
906.9
816.1
705.8
470.2
701.7
1046.8
710.2
816.6
815.3
826.1
818.2
358.2
342.2
474.8
354.0
469.2
266.4
327.3
717.7
341.4
472.2
355.2
700.8
355.5
1515.4
500.0
1255.4
815.0
940.8
927.8
815.5
825.2
