704.0
572.5
859.2
343.7
230.0
348.5
594.0
232.0
344.9
351.7
583.3
695.9
572.5
615.4
253.7
323.4
220.9
237.6
235.9
587.2
237.6
694.4
595.6
600.8
225.2
584.7
819.9
711.0
1034.1
697.4
602.9
591.1
798.2
348.5
236.0
232.0
240.5
587.1
365.0
581.6
698.6
798.9
1052.2
1043.1
355.3
360.8
334.7
237.7
230.8
701.8
587.6
239.2
229.4
238.5
241.0
585.2
229.5
688.8
583.3
232.4
699.8
589.5
232.9
701.6
231.6
718.4
565.8
581.4
591.5
238.0
243.3
231.9
233.2
236.1
227.5
461.2
579.9
342.8
347.2
122.4
230.3
695.6
360.6
233.0
240.5
229.0
233.0
238.5
244.0
249.3
243.2
336.3
229.5
223.3
235.7
244.9
240.6
231.3
233.7
237.0
235.2
231.5
238.6
240.3
232.2
233.3
233.2
228.1
232.6
230.7
235.5
230.4
231.0
234.3
232.2
235.6
235.2
228.6
236.0
232.3
237.3
227.3
237.8
236.9
248.0
224.1
229.4
233.2
237.1
230.8
585.7
580.6
584.8
705.5
233.2
348.5
689.2
345.2
695.0
570.0
809.5
806.7
580.5
230.6
698.9
237.2
231.3
578.9
698.3
235.8
225.7
351.1
581.2
696.4
351.0
927.7
577.2
593.3
677.1
827.7
462.3
349.5
240.3
113.0
116.5
117.0
116.7
235.7
232.2
242.0
115.0
118.0
117.8
120.2
128.0
231.3
233.1
580.9
698.8
575.5
807.5
347.9
233.3
234.9
235.4
243.2
224.9
228.6
703.2
588.5
232.8
228.1
345.1
698.9
576.7
236.2
230.2
701.3
818.2
1038.0
929.8
945.0
437.1
570.2
706.0
1054.4
590.8
350.3
234.9
232.2
234.1
462.1
576.6
585.9
694.8
231.2
239.3
232.4
227.5
358.0
1176.9
1039.5
350.0
352.5
228.7
232.4
359.1
581.6
689.2
232.9
230.6
349.0
691.4
808.5
584.7
345.5
371.4
213.5
240.3
237.7
229.4
230.5
236.1
235.0
232.1
230.0
230.8
234.4
234.3
229.0
702.5
579.7
345.9
235.9
693.1
581.1
465.4
234.2
352.2
913.4
239.5
349.9
230.9
350.0
234.2
230.9
234.3
232.5
229.4
233.2
237.0
228.3
242.8
226.5
232.5
238.5
225.1
231.8
232.8
229.9
232.0
233.0
231.2
233.8
229.8
232.6
233.8
234.4
239.7
227.5
230.3
231.1
229.0
233.0
229.5
268.0
208.0
229.3
115.4
117.2
348.0
122.1
230.9
125.8
228.7
113.4
232.8
117.3
116.2
348.2
235.2
238.0
579.0
697.6
465.2
116.0
344.8
117.5
236.0
114.2
806.0
231.6
117.5
809.6
118.2
820.6
234.2
118.8
807.3
116.1
812.9
809.9
235.0
113.0
816.6
123.5
800.0
241.2
120.8
800.9
117.3
346.0
124.3
577.3
113.4
587.4
108.5
583.5
111.4
582.3
123.0
580.1
927.4
338.4
115.0
572.0
919.1
915.4
692.9
346.4
762.5
180.5
234.0
117.0
576.8
119.9
586.1
111.5
584.1
115.3
584.0
120.2
576.7
114.9
574.6
118.0
572.6
114.8
573.5
114.8
575.5
112.7
593.2
112.0
566.5
115.9
579.6
121.6
356.0
113.2
1375.7
118.0
575.7
116.6
590.3
111.6
574.0
115.8
580.6
119.0
578.4
112.5
343.5
118.9
348.9
115.4
121.7
107.9
114.5
115.4
114.5
123.4
116.0
119.3
123.8
105.0
114.2
116.8
118.5
235.1
290.8
301.2
574.3
1143.9
1158.2
1032.4
349.1
693.4
840.2
1022.0
940.7
324.0
594.0
681.2
343.0
344.8
224.1
355.4
226.7
231.5
232.3
344.2
803.2
683.8
343.2
233.0
244.0
222.2
224.1
231.6
229.3
234.2
232.7
232.0
227.9
236.4
243.5
293.8
345.8
800.8
683.8
577.8
584.7
744.2
552.0
227.8
232.5
225.4
5099.3
1017.3
462.7
570.9
565.0
683.0
801.5
1034.9
1341.0
537.1
678.8
569.7
348.0
690.8
797.7
1034.4
925.6
1034.3
922.6
351.7
233.7
222.8
693.5
585.4
557.0
695.6
706.6
230.0
240.8
566.9
690.1
571.5
698.5
230.8
355.7
687.8
365.0
685.3
797.2
456.0
584.6
812.5
1030.2
917.0
455.2
689.2
575.4
343.3
356.5
687.6
586.1
220.2
229.7
233.5
228.2
234.7
343.1
244.1
234.9
229.2
228.5
237.5
230.3
686.1
787.1
459.2
570.3
691.3
573.4
1030.7
399.8
289.6
344.0
243.0
222.8
232.4
226.6
237.3
580.3
819.1
803.0
691.6
344.1
231.2
228.3
349.6
689.1
804.0
464.8
580.8
229.3
688.5
583.6
342.0
344.9
691.7
230.3
229.5
691.0
578.5
347.8
345.8
236.8
237.5
227.1
232.0
232.0
237.8
220.8
231.2
229.2
231.7
237.4
613.0
214.1
223.5
225.4
359.8
218.0
228.5
228.5
231.1
4181.2
196.9
221.0
224.8
228.2
238.0
218.0
393.9
221.1
194.7
233.0
351.7
342.2
922.8
578.8
807.8
455.4
349.3
345.7
342.7
601.7
436.0
587.9
800.0
810.2
579.5
691.6
218.9
234.2
231.0
695.5
227.0
229.0
233.0
232.2
228.0
343.9
230.3
344.8
686.8
811.2
799.9
575.0
723.1
243.9
188.0
225.5
357.0
221.5
232.7
238.6
346.3
221.4
236.4
233.8
230.5
120.9
113.4
230.9
227.8
230.2
579.3
351.2
353.9
227.1
118.8
118.1
116.5
227.2
119.5
226.6
247.2
231.1
228.0
350.0
225.1
236.3
231.5
390.2
556.2
571.0
337.8
344.2
233.0
225.0
234.4
226.6
229.7
231.3
232.7
343.1
232.5
234.2
233.1
227.3
231.7
233.5
226.5
236.2
223.7
227.1
228.5
229.5
350.2
915.4
822.0
559.3
335.0
474.7
558.3
1142.0
346.4
349.0
114.4
116.5
227.9
117.5
112.4
116.6
117.2
117.8
114.8
114.7
116.2
115.7
116.8
230.2
233.1
232.0
237.6
228.1
230.7
231.0
227.0
234.0
227.6
244.4
229.5
222.7
233.9
230.9
231.4
233.6
228.7
237.4
232.0
234.2
229.3
226.2
238.1
230.4
228.9
229.4
230.1
228.5
574.4
684.0
574.7
576.1
691.5
237.4
228.2
243.4
240.9
213.8
226.2
349.5
337.2
929.1
579.2
569.8
688.1
801.7
1066.8
1034.1
448.7
570.3
345.2
435.4
396.2
220.0
237.8
226.1
210.0
237.5
235.7
219.6
237.7
921.9
1036.9
1043.0
455.1
576.4
798.8
1083.0
1144.0
1128.5
572.0
693.8
569.0
943.6
899.7
464.7
233.4
220.1
233.6
232.8
229.0
231.5
237.9
926.2
916.8
453.5
349.0
345.3
350.9
922.9
570.6
696.0
337.0
349.6
223.0
230.0
229.3
230.0
350.3
349.4
856.8
306.6
338.7
694.1
568.9
334.6
354.3
577.8
699.8
339.1
347.5
575.3
348.6
346.1
233.6
228.6
340.2
232.0
235.8
236.4
241.7
233.0
235.8
297.6
165.5
228.2
232.6
227.7
247.5
205.0
230.1
231.0
237.2
225.7
351.7
225.4
230.9
233.8
225.6
230.0
227.8
231.0
227.4
231.0
229.0
232.8
230.1
231.3
223.3
233.5
237.0
229.1
230.2
240.8
223.9
236.6
230.3
228.8
285.8
184.3
228.0
238.1
232.6
924.0
1027.8
926.3
455.8
575.6
686.8
921.1
595.9
802.1
479.2
560.2
804.3
461.0
581.5
698.7
579.7
900.8
362.4
566.9
681.1
235.6
349.5
693.6
576.0
701.2
234.2
218.2
230.5
236.2
346.9
111.8
118.7
336.9
232.3
227.0
230.9
237.7
232.6
119.8
117.7
244.1
223.9
457.0
570.9
800.7
457.9
582.1
1036.2
822.2
583.9
330.1
344.3
352.3
576.1
691.4
571.3
234.5
227.9
227.2
230.5
234.0
343.4
231.5
343.3
577.5
350.1
352.3
345.1
343.3
593.2
676.2
572.7
689.2
345.1
350.5
247.9
217.7
228.4
347.3
688.0
1143.8
913.2
803.4
1040.5
925.2
456.7
234.2
229.2
342.9
695.4
1140.5
918.7
448.3
564.1
694.5
575.4
348.3
352.3
698.2
217.2
228.0
819.9
800.6
584.4
576.8
342.5
575.3
679.6
231.1
231.2
694.3
576.8
236.9
227.0
237.5
694.1
221.4
344.9
932.1
1147.0
1025.2
680.8
568.5
692.8
796.8
463.0
586.6
575.2
227.1
349.4
687.8
1164.4
923.2
1029.6
914.9
450.0
342.5
230.6
687.3
576.2
815.3
463.8
578.7
343.0
352.5
229.3
578.5
697.0
801.6
340.8
348.6
225.9
686.9
573.7
807.3
345.6
692.9
406.5
175.8
227.4
706.1
586.8
226.7
233.0
230.8
236.5
232.2
227.3
230.9
344.7
1034.3
345.6
348.5
686.7
346.5
349.9
229.9
227.3
234.1
706.2
339.7
217.5
229.7
235.0
232.0
235.8
343.1
232.1
233.3
233.3
234.0
231.0
232.4
236.7
231.3
227.3
226.5
230.1
236.1
233.5
345.3
230.1
238.6
225.8
233.7
234.6
239.9
239.6
230.4
232.5
233.6
230.2
234.8
231.1
292.5
168.0
230.9
229.2
698.0
684.4
812.1
460.6
581.8
686.7
576.7
232.8
233.3
345.8
803.8
805.0
592.1
694.8
1147.9
1147.5
923.0
801.0
461.8
571.0
918.5
349.8
232.6
231.5
346.8
1160.7
566.3
342.9
359.8
233.4
238.5
339.7
116.5
232.2
119.5
230.4
117.5
227.7
231.8
343.9
792.4
458.9
344.4
691.3
345.9
239.0
1204.3
1005.4
1020.1
462.2
577.9
808.8
794.7
571.3
350.4
463.6
224.5
237.0
230.8
234.2
234.2
233.5
229.2
241.8
681.2
572.0
231.9
235.7
349.3
807.8
461.2
689.2
569.6
686.2
1027.5
689.9
582.5
223.4
227.5
697.0
567.5
688.2
232.3
227.7
233.5
235.4
229.3
234.9
458.2
1032.0
912.1
569.0
689.9
344.7
346.5
342.2
830.1
467.7
682.6
565.5
693.8
1040.1
689.4
348.3
234.7
229.1
227.6
229.1
234.1
343.3
229.2
235.4
229.9
232.9
222.5
345.5
242.8
234.0
239.8
249.1
204.5
226.7
228.8
230.7
236.2
224.9
235.1
694.8
577.8
809.0
341.6
231.8
230.3
230.2
230.5
226.1
343.6
231.4
228.4
228.6
229.7
230.2
230.7
227.3
344.2
234.6
234.9
211.5
240.4
221.6
694.4
568.0
229.0
357.4
931.0
574.4
686.9
347.2
342.3
345.8
693.3
572.8
227.8
599.5
810.5
452.8
225.9
229.9
233.2
690.8
578.1
234.7
238.2
235.5
233.9
222.1
228.2
343.9
231.7
231.7
230.2
228.8
228.8
342.0
231.0
234.4
225.5
232.8
230.8
235.5
232.8
228.2
234.0
350.6
348.0
689.5
575.2
339.0
688.4
573.8
923.5
801.3
348.1
234.9
228.5
235.5
345.1
228.8
230.9
228.8
225.4
227.7
236.4
236.1
238.4
325.8
169.1
190.5
459.5
228.8
231.3
237.0
232.6
231.0
232.0
231.3
236.8
230.7
241.8
222.2
234.4
222.7
233.9
228.9
229.0
227.3
229.3
228.7
232.1
226.1
229.8
341.3
233.6
230.7
242.2
230.8
234.0
226.9
229.5
233.5
252.0
222.9
213.0
234.7
224.9
684.6
582.1
687.1
578.9
799.2
1029.0
925.1
1027.1
931.5
344.7
228.2
224.6
685.9
579.5
576.6
693.3
234.8
344.2
1142.3
917.4
459.5
578.0
697.6
600.4
811.7
1031.6
459.8
235.6
352.3
119.8
120.0
114.6
115.3
238.7
237.3
341.6
228.8
688.3
571.6
693.1
686.3
1028.8
701.1
229.2
229.5
224.2
697.8
916.9
578.8
687.6
570.9
919.1
1161.2
1032.2
346.5
355.2
224.9
231.2
240.0
238.9
231.6
235.6
227.9
236.8
242.4
234.9
247.0
231.0
699.4
579.3
233.5
230.5
347.8
685.7
580.3
232.7
694.5
231.8
235.5
236.5
234.2
217.5
233.5
346.8
689.0
580.8
811.3
360.9
228.6
356.9
685.0
349.6
683.4
578.8
808.1
460.7
587.5
587.1
708.8
804.2
1029.8
932.6
460.7
341.7
232.3
229.1
114.8
117.3
229.2
233.6
227.7
230.3
232.5
115.0
115.5
229.1
117.2
232.2
345.2
694.0
597.0
802.0
794.0
568.8
229.7
698.3
229.5
226.9
569.9
688.8
229.1
228.9
343.6
694.6
569.2
234.5
228.5
344.2
696.6
581.4
211.5
704.5
1141.7
1153.3
907.7
569.9
461.5
228.8
356.4
571.3
700.2
610.5
535.6
450.1
235.7
233.8
221.2
227.1
695.6
805.8
344.1
340.3
234.8
226.2
238.2
704.7
231.2
228.2
342.8
230.5
244.2
227.8
229.8
244.5
116.3
115.5
115.7
116.7
118.3
256.1
353.2
228.6
587.6
910.5
1161.0
799.1
230.5
232.5
687.3
575.6
462.3
228.9
346.5
804.9
368.3
322.9
236.3
351.4
226.2
229.6
229.2
237.8
223.5
228.7
232.9
231.5
233.6
229.6
237.2
235.4
233.3
226.0
230.8
236.7
229.6
231.4
229.5
115.5
115.8
115.6
116.5
117.1
115.1
115.8
114.1
114.5
114.5
122.9
118.0
114.9
119.5
117.1
112.8
234.0
231.2
234.1
232.1
239.8
237.5
224.6
230.0
230.0
232.3
235.0
578.8
697.9
566.8
689.9
570.4
686.8
229.1
231.5
224.9
266.4
317.0
233.2
231.1
224.7
230.8
685.4
623.6
660.8
222.2
223.9
229.4
230.8
345.4
235.7
235.3
349.7
701.0
908.5
575.9
685.0
923.8
227.3
236.2
689.2
582.2
927.9
815.2
444.8
235.2
118.5
113.3
121.5
117.9
116.3
229.1
118.4
116.5
116.3
119.4
222.7
234.0
688.4
797.3
801.5
684.4
576.7
234.7
229.3
256.2
685.0
907.8
812.8
924.0
463.8
567.7
689.2
911.8
358.3
340.9
351.4
232.1
231.1
228.5
238.7
238.1
229.2
228.2
348.2
918.9
586.7
583.2
706.0
567.2
572.7
689.4
227.0
229.0
238.9
226.5
346.8
232.5
227.5
229.7
228.9
241.3
223.3
232.2
349.8
917.6
567.3
687.7
233.7
233.9
231.4
347.1
689.0
685.2
805.1
810.0
594.8
1026.2
690.9
1153.3
933.8
1046.6
1030.4
685.5
371.3
438.8
683.3
686.2
581.6
697.5
333.0
694.4
574.1
684.1
236.0
223.3
229.5
343.4
230.2
229.1
229.1
685.8
569.5
232.0
231.5
346.6
683.2
570.5
699.7
581.5
344.5
343.0
231.8
231.2
225.7
228.8
229.1
228.3
355.2
678.2
572.0
694.5
225.4
681.0
808.7
1027.5
1171.7
1039.7
673.8
337.0
352.2
230.3
232.8
225.4
231.2
236.2
680.3
225.0
229.4
244.0
224.5
229.0
235.8
342.2
233.3
230.7
228.3
239.0
245.3
226.8
238.2
204.7
228.2
232.5
590.5
787.1
464.5
684.9
570.1
335.7
237.3
228.8
922.4
573.0
347.5
349.6
577.4
235.6
239.8
223.5
250.2
304.3
167.3
218.8
342.0
237.4
233.4
239.0
237.2
226.0
230.6
229.2
234.9
236.4
231.3
229.5
229.0
232.2
347.1
234.2
231.0
233.2
227.3
236.8
229.3
227.5
228.9
236.2
232.4
233.7
235.9
236.7
235.1
238.1
224.8
343.9
230.2
237.0
347.5
573.8
689.0
582.8
805.5
1056.5
1164.3
812.2
590.7
589.8
347.0
709.8
800.9
1029.6
924.0
1035.3
920.8
340.7
235.3
228.1
581.8
695.1
576.5
243.7
238.0
227.0
231.2
225.7
230.5
241.3
233.2
225.6
249.6
220.6
114.0
229.7
236.8
229.7
232.1
229.8
118.8
116.5
115.9
115.8
115.7
241.9
310.4
678.6
344.8
692.2
346.8
687.4
569.6
816.2
455.0
351.2
242.6
233.5
228.2
690.2
577.1
225.7
230.0
232.1
685.5
571.5
232.5
341.3
234.8
227.6
242.8
343.5
234.0
230.3
234.0
228.2
257.7
667.8
571.5
247.5
221.8
228.0
230.2
683.6
342.1
692.3
1147.1
567.3
572.6
692.7
808.9
1046.8
1059.2
445.5
586.0
819.8
454.2
229.4
229.1
230.0
459.0
572.9
798.5
808.2
688.1
578.0
250.9
924.2
213.7
695.2
566.0
689.8
809.7
1026.1
917.1
1045.3
804.9
456.3
691.8
232.1
585.8
579.5
573.3
687.2
231.8
231.1
235.6
223.6
459.4
1029.4
1031.7
922.0
929.0
459.3
333.2
236.5
226.5
233.3
227.7
228.8
227.4
354.2
226.4
228.5
227.2
230.4
232.0
227.1
229.0
229.2
686.4
572.1
240.6
566.7
686.2
350.9
576.8
236.8
701.2
564.2
684.9
1143.4
574.0
694.2
228.5
227.6
236.3
682.3
571.9
232.1
227.2
345.5
692.1
609.5
198.2
463.3
336.5
237.0
227.6
673.8
568.7
345.1
231.5
230.5
1151.5
345.3
341.7
342.6
915.6
570.2
344.2
239.9
235.7
228.8
250.1
216.3
226.8
227.5
224.3
237.3
228.0
231.8
226.3
344.6
228.1
227.8
232.9
232.3
244.5
220.1
229.5
224.7
228.2
229.0
228.2
228.7
232.7
230.1
228.6
230.3
230.8
241.9
222.1
236.0
229.3
225.4
340.6
234.7
231.3
251.6
214.1
234.2
228.8
230.6
232.7
119.1
337.8
116.2
115.5
343.5
119.4
231.1
114.2
797.6
233.2
459.4
683.9
115.3
577.2
113.1
457.2
234.6
115.6
121.2
229.4
241.8
231.1
232.8
109.0
697.9
222.8
233.8
343.1
231.3
229.9
119.6
919.5
231.4
114.0
575.1
115.1
568.8
114.1
575.9
114.7
571.0
116.4
798.1
688.4
115.0
571.9
213.5
489.4
5111.5
706.8
220.5
805.1
839.8
801.3
811.6
908.5
102.8
795.4
342.2
580.5
699.0
231.3
114.6
922.3
813.8
802.2
580.0
1042.5
797.9
822.0
226.0
700.1
582.3
118.2
347.8
129.3
228.0
116.1
583.7
111.8
582.2
122.6
574.0
115.4
583.6
116.4
659.7
739.8
114.2
564.6
118.0
567.2
118.0
571.8
117.1
582.8
112.3
574.5
109.0
588.5
114.6
581.0
116.2
575.5
116.4
697.3
230.0
955.3
687.8
819.8
796.8
909.9
573.7
682.7
116.6
344.8
123.2
342.0
121.3
336.7
130.8
551.7
120.5
567.3
123.5
569.3
124.5
629.4
883.9
108.3
606.8
892.7
225.3
462.2
119.1
573.7
130.6
565.6
224.0
457.4
116.0
572.1
130.6
557.2
115.9
582.5
239.6
571.2
221.9
926.7
682.6
809.4
789.0
915.9
911.6
234.7
452.2
570.8
807.3
806.2
801.9
801.5
459.3
564.8
571.9
687.7
233.0
912.2
682.7
800.6
805.2
916.8
938.1
230.6
560.2
473.9
789.3
916.3
918.5
682.8
806.1
121.9
355.3
108.7
347.2
122.1
338.7
228.9
246.2
226.6
482.6
904.9
797.2
798.0
829.2
683.1
344.0
121.2
340.6
114.1
346.8
114.4
577.5
918.7
226.0
813.6
692.2
561.1
689.5
233.5
113.4
583.4
122.6
821.1
6180.6
1377.5
668.1
219.4
218.5
703.2
117.5
594.9
215.1
122.1
920.7
222.0
115.3
574.3
118.3
750.4
750.8
219.8
476.2
117.8
574.8
116.0
461.0
243.8
227.2
116.3
115.1
117.5
117.2
123.9
110.8
117.8
102.9
119.8
114.1
344.3
568.6
916.2
805.3
460.8
339.2
707.5
566.6
350.8
683.5
574.7
692.8
115.2
232.2
348.1
235.0
228.7
229.3
232.8
230.9
229.4
230.0
233.1
348.8
800.3
800.5
615.2
1030.2
563.5
681.3
567.2
924.5
454.2
344.8
690.7
571.2
231.5
229.5
230.6
349.2
229.7
128.2
141.0
323.2
336.7
233.5
232.0
227.0
229.1
115.2
118.2
235.9
336.5
795.7
457.3
687.7
570.6
575.6
960.5
1035.9
797.2
527.1
161.5
239.2
710.2
570.2
812.5
341.8
231.5
232.3
232.2
237.3
234.3
682.3
235.4
227.4
231.6
231.6
229.9
232.4
342.6
233.8
121.1
111.3
116.1
232.9
234.8
230.1
231.3
118.1
115.4
228.8
118.8
116.0
236.2
239.9
685.4
803.3
1049.0
1044.5
574.4
575.8
231.4
236.2
343.2
927.1
919.2
1044.5
921.9
797.5
344.7
347.5
234.4
228.3
232.9
231.6
230.2
230.0
230.4
232.0
230.2
228.1
344.6
1030.2
459.9
581.2
830.9
813.3
324.4
347.5
227.7
349.1
579.2
692.5
801.2
457.2
342.2
233.2
232.2
230.0
235.6
686.4
234.9
235.9
575.1
584.1
821.0
455.2
233.3
233.5
574.4
692.0
226.0
345.2
350.8
807.2
462.7
572.3
230.5
236.2
231.1
227.1
455.6
578.1
238.2
224.7
249.2
224.9
347.7
229.4
224.4
233.7
231.0
237.0
227.0
234.0
234.2
230.3
231.9
223.5
233.2
231.0
230.6
233.7
229.7
229.7
231.4
230.0
233.8
231.1
230.2
234.4
232.8
230.2
233.6
230.7
229.5
228.4
234.4
231.5
231.7
235.4
235.2
228.0
249.9
227.4
224.8
230.9
229.1
234.4
343.8
1047.6
458.5
578.2
578.9
697.2
568.2
587.5
226.7
230.2
235.0
460.5
826.6
564.7
579.2
587.4
923.6
923.9
1042.5
455.4
344.6
234.6
235.6
231.1
228.5
577.8
687.8
689.5
1167.2
773.1
576.4
357.9
228.0
233.1
236.8
230.9
233.7
233.6
120.7
115.2
232.3
231.8
231.0
230.2
231.6
239.9
223.4
230.8
227.0
229.7
347.5
351.2
351.8
355.8
345.6
339.8
363.2
218.4
232.9
114.0
229.8
346.1
349.5
347.1
348.3
345.4
349.3
351.2
234.4
352.9
345.2
347.1
357.3
335.1
238.0
231.4
347.9
354.0
338.3
453.5
483.7
346.1
349.8
352.4
227.2
231.8
343.7
582.5
571.4
580.7
575.6
232.0
233.9
228.1
233.8
228.0
238.0
232.4
228.2
344.6
586.1
223.5
233.6
240.2
366.5
326.4
584.8
800.8
346.8
350.5
577.8
576.4
344.4
342.7
813.4
459.3
696.8
577.1
578.4
347.1
373.1
210.5
241.7
232.6
231.0
226.6
341.0
241.3
227.5
579.5
584.9
710.9
687.4
576.7
229.0
233.8
234.0
228.6
694.1
344.1
700.8
556.3
951.2
1024.6
349.3
457.1
573.7
577.4
811.5
460.0
697.7
805.6
463.2
239.2
342.9
1179.9
1144.9
1033.6
704.2
570.3
348.7
347.4
236.1
229.1
231.6
230.0
233.9
232.2
231.1
230.3
228.8
346.0
266.5
204.9
235.6
231.5
230.8
576.5
693.3
232.3
230.3
348.8
694.5
580.9
230.7
238.8
681.1
801.2
1078.6
885.1
1042.8
829.8
450.3
232.6
693.2
811.8
461.6
347.2
233.1
235.2
232.2
693.0
583.0
467.1
230.0
683.0
461.9
346.1
374.1
213.6
582.9
345.8
691.2
578.8
350.5
233.2
231.8
232.8
230.7
237.6
226.6
233.5
234.2
233.0
232.1
346.3
235.2
233.3
226.8
231.0
232.2
231.4
233.4
229.8
233.2
235.7
230.2
234.9
273.8
185.4
230.7
230.1
245.1
223.5
224.5
233.6
709.0
796.5
463.6
576.6
573.2
686.1
234.2
223.8
686.4
578.3
225.7
239.3
459.1
1041.1
927.2
1031.2
812.8
1151.5
838.1
554.6
689.2
578.7
230.2
231.8
363.6
226.3
229.0
235.9
230.5
235.0
236.7
241.9
222.3
341.3
236.6
234.0
239.4
111.5
115.5
235.4
231.0
233.1
231.2
234.0
120.9
115.0
116.9
116.8
232.5
231.1
232.7
345.0
344.5
346.8
1044.3
476.2
578.8
339.6
342.1
237.0
230.0
230.0
228.2
232.0
230.5
232.2
232.2
233.4
233.0
232.1
339.6
239.8
233.4
232.8
230.5
232.5
571.5
698.3
580.4
234.5
232.5
230.8
231.3
234.2
237.7
236.4
340.6
231.7
238.9
221.3
242.1
557.4
806.5
462.0
694.2
580.1
688.5
347.4
238.5
227.6
237.7
226.1
687.4
821.0
941.9
443.7
579.7
678.9
578.6
349.6
234.6
233.5
232.5
231.2
231.8
232.3
234.4
469.3
578.8
688.7
580.0
233.4
231.4
232.6
243.4
242.7
221.0
229.6
234.6
694.5
795.2
1034.1
1140.2
927.1
920.5
459.4
573.1
701.7
587.4
350.0
343.2
232.2
236.0
234.2
225.3
232.4
230.5
232.6
696.6
821.0
691.5
580.5
579.8
697.6
231.5
234.8
227.9
462.5
1046.5
814.6
573.8
694.1
578.0
345.9
350.0
697.2
231.8
234.1
228.5
344.8
348.8
924.2
349.6
351.2
822.6
344.0
230.7
344.1
241.5
226.5
242.2
337.3
345.4
350.3
348.1
575.9
580.3
345.9
695.0
691.5
348.2
225.1
466.3
346.7
346.7
348.2
363.0
226.4
346.8
350.4
344.0
355.8
579.6
349.2
810.5
350.4
346.1
234.4
687.8
575.0
352.2
225.7
233.5
234.6
225.7
230.4
228.2
237.9
224.4
237.7
269.6
437.7
